[850 872]      [894 234]
[855 882]      [880 238]
[ 857 1214]      [455 238]
[994 717]      [1124  335]
[1038  685]      [1179  369]
[1110 1251]      [347 422]
[1116 1331]      [232 425]
[1125 1362]      [187 431]
[1128 1310]      [260 435]
[1128 1310]      [260 435]
[1132 1224]      [382 441]
[1135 1309]      [258 440]
[1135 1324]      [238 440]
[1140 1294]      [279 445]
[1143 1314]      [248 447]
[1147 1304]      [263 450]
[1147 1292]      [282 451]
[1158 1141]      [502 464]
[ 827 1188]      [491 220]
[ 835 1197]      [481 223]
[ 888 1156]      [524 260]
[ 888 1156]      [524 260]
[1044  688]      [1176  373]
[1126 1362]      [184 432]
[1127 1355]      [194 432]
[1151 1380]      [150 451]
[1169 1187]      [428 470]
[ 914 1287]      [347 273]
[1150 1451]      [ 45 450]
[1138 1376]      [159 441]
[1120 1361]      [188 428]
[1150 1377]      [152 451]
[1130 1348]      [204 436]
[1135 1344]      [204 440]
[1122 1332]      [229 430]
[1131 1335]      [226 437]
[1144 1339]      [211 446]
[1128 1309]      [260 435]
[1128 1309]      [260 435]
[1135 1308]      [258 440]
[1143 1313]      [248 447]
[1147 1289]      [282 451]
[1133 1224]      [382 441]
[1114 1298]      [280 424]
[1140 1292]      [279 445]
[ 854 1221]      [448 236]
[1162 1126]      [522 467]
[999 703]      [1143  340]
[1018  694]      [1159  355]
[1133 1370]      [170 439]
[1131 1223]      [382 439]
[1150 1156]      [479 456]
[1158 1089]      [581 464]
[ 834 1197]      [478 228]
[1041  687]      [1176  373]
[1008  706]      [1141  346]
[854 881]      [880 238]
[ 826 1188]      [493 220]
[ 888 1156]      [524 260]
[ 895 1222]      [438 262]
[994 721]      [1118  334]
[1113 1299]      [281 422]
[1119 1308]      [265 427]
[1122 1237]      [367 430]
[1123 1149]      [494 433]
[1128 1309]      [261 434]
[1135 1371]      [169 439]
[1136 1323]      [239 440]
[1137 1359]      [186 440]
[1140 1296]      [276 445]
[1145 1203]      [411 452]
[ 884 1219]      [442 256]
[1150 1378]      [152 451]
[1137 1359]      [185 441]
[1114 1314]      [258 423]
[1144 1351]      [193 447]
[1102 1283]      [304 413]
[1128 1309]      [259 434]
[1128 1309]      [259 434]
[1123 1301]      [271 430]
[1116 1275]      [311 425]
[1140 1296]      [272 444]
[1162 1159]      [470 464]
[1089  904]      [862 410]
[1142 1337]      [211 446]
[1135 1309]      [255 440]
[1147 1301]      [261 450]
[1147 1301]      [261 450]
[1147 1288]      [280 451]
[1134 1217]      [391 441]
[1141 1211]      [397 448]
[1165 1179]      [437 467]
[1162 1084]      [588 467]
[1162 1084]      [588 467]
[1128 1285]      [298 435]
[1112 1264]      [332 422]
[1158 1160]      [472 462]
[ 854 1221]      [448 236]
[888 901]      [856 258]
[1145 1373]      [161 447]
[1145 1373]      [161 447]
[1136 1376]      [159 440]
[1134 1370]      [170 439]
[1141 1338]      [214 445]
[1146 1305]      [259 450]
[1127 1309]      [261 435]
[1118 1268]      [322 428]
[1118 1268]      [323 427]
[1084 1283]      [311 400]
[1150 1156]      [478 456]
[1146 1149]      [490 452]
[ 881 1167]      [509 254]
[ 812 1162]      [528 209]
[844 865]      [900 231]
[799 833]      [938 205]
[726 840]      [926 161]
[ 788 1173]      [517 199]
[ 844 1162]      [524 232]
[ 857 1228]      [440 237]
[1123 1358]      [193 429]
[1146 1368]      [168 448]
[1146 1368]      [168 448]
[ 806 1157]      [532 205]
[1147 1365]      [171 447]
[1123 1306]      [265 429]
[1145 1350]      [194 446]
[1145 1327]      [229 447]
[988 753]      [1070  328]
[ 919 1316]      [308 276]
[1146 1350]      [192 447]
[1114 1298]      [278 422]
[1129 1308]      [260 434]
[1125 1299]      [272 431]
[1151 1208]      [397 455]
[861 886]      [873 240]
[801 819]      [956 204]
[982 768]      [1046  324]
[ 939 1433]      [154 288]
[ 851 1207]      [458 234]
[ 822 1157]      [532 215]
[1160 1082]      [588 467]
[1111 1263]      [332 422]
[840 861]      [905 230]
[1143 1372]      [161 447]
[1146 1305]      [259 450]
[1139 1291]      [281 446]
[1109 1296]      [284 420]
[ 936 1330]      [289 288]
[ 854 1221]      [443 237]
[ 836 1198]      [479 224]
[ 878 1156]      [524 252]
[854 880]      [882 238]
[854 880]      [883 238]
[1131 1369]      [171 437]
[1151 1317]      [239 455]
[1109 1296]      [285 420]
[1150 1162]      [468 455]
[1143 1148]      [490 451]
[ 804 1172]      [512 204]
[842 808]      [975 231]
[1144 1367]      [168 448]
[1144 1367]      [168 448]
[1142 1384]      [147 446]
[1138 1290]      [286 444]
[1120 1357]      [193 429]
[868 794]      [996 245]
[ 722 1272]      [407 155]
[ 844 1161]      [524 232]
[ 889 1157]      [522 258]
[1136 1210]      [406 443]
[1146 1142]      [503 452]
[ 805 1157]      [532 204]
[ 843 1159]      [527 227]
[1106 1292]      [292 418]
[ 924 1139]      [539 280]
[1144 1325]      [230 445]
[1133 1219]      [388 439]
[ 934 1444]      [144 286]
[561 960]      [774  75]
[1124 1307]      [262 430]
[1138 1296]      [272 442]
[1132 1355]      [188 435]
[1114 1298]      [277 422]
[1139 1293]      [276 444]
[1138 1335]      [216 443]
[1107 1317]      [258 418]
[1135 1316]      [249 440]
[1143 1313]      [247 448]
[1141 1275]      [301 446]
[1129 1264]      [327 437]
[1133 1241]      [352 440]
[1161 1124]      [524 465]
[1157 1080]      [590 462]
[1119 1311]      [261 428]
[841 877]      [888 229]
[1127 1282]      [301 435]
[1175 1137]      [500 482]
[1050 1288]      [314 374]
[1142 1354]      [188 446]
[1128 1224]      [384 437]
[1088  826]      [974 407]
[ 885 1155]      [526 254]
[793 827]      [948 199]
[ 846 1161]      [523 231]
[ 825 1156]      [533 216]
[ 849 1185]      [489 229]
[ 860 1175]      [502 241]
[1016  703]      [1144  350]
[ 884 1220]      [439 254]
[1139 1293]      [276 444]
[842 864]      [900 231]
[ 796 1174]      [514 201]
[ 885 1156]      [522 258]
